Values: [23.28763771057129, -13.238800048828125, -2.343618392944336]
Values: [23.309799194335938, -12.943317413330078, -2.332646369934082]
Values: [23.33136749267578, -12.65035629272461, -2.3219704627990723]
Values: [23.352346420288086, -12.35981559753418, -2.31158447265625]
Values: [23.322505950927734, -12.04567813873291, -2.296536445617676]
Values: [23.29351043701172, -11.735806465148926, -2.2819571495056152]
Values: [23.265438079833984, -11.430106163024902, -2.2678446769714355]
Values: [23.23826026916504, -11.128393173217773, -2.254183769226074]
Values: [23.211965560913086, -10.830512046813965, -2.240966796875]
Values: [23.1865177154541, -10.536325454711914, -2.228178024291992]
Values: [23.161909103393555, -10.245687484741211, -2.2158102989196777]
Values: [23.13810920715332, -9.958465576171875, -2.2038521766662598]
Values: [23.11510467529297, -9.674534797668457, -2.192293643951416]
Values: [23.09999656677246, -9.39664363861084, -2.181797981262207]
Values: [23.09999656677246, -9.127287864685059, -2.173027992248535]
Values: [23.09999656677246, -8.860058784484863, -2.164546012878418]
Values: [23.09999656677246, -8.594882011413574, -2.156345844268799]
Values: [23.100000381469727, -8.331680297851562, -2.1484246253967285]
Values: [23.100000381469727, -8.070392608642578, -2.1407766342163086]
Values: [23.100000381469727, -7.81091833114624, -2.133397102355957]
Values: [23.100000381469727, -7.553201198577881, -2.126282215118408]
Values: [23.09999656677246, -7.297173500061035, -2.1194276809692383]
Values: [23.09999656677246, -7.042763710021973, -2.11283016204834]
Values: [23.100000381469727, -6.789910793304443, -2.106485366821289]
Values: [23.26602554321289, -6.58554744720459, -2.115485191345215]
Values: [23.15541648864746, -6.303699016571045, -2.0995640754699707]
Values: [23.100000381469727, -6.040035247802734, -2.0889320373535156]
Values: [23.100000381469727, -5.792758464813232, -2.0835647583007812]
Values: [23.09999656677246, -5.546725273132324, -2.0784335136413574]
Values: [23.09999656677246, -5.301889419555664, -2.0735368728637695]
Values: [23.09999656677246, -5.058165550231934, -2.068871021270752]
Values: [23.09999656677246, -4.815515041351318, -2.0644350051879883]
Values: [23.09999656677246, -4.573876857757568, -2.0602245330810547]
Values: [23.09999656677246, -4.333198070526123, -2.0562381744384766]
Values: [23.09999656677246, -4.093423843383789, -2.0524744987487793]
Values: [23.100000381469727, -3.8545141220092773, -2.0489306449890137]
Values: [23.100000381469727, -3.6163928508758545, -2.045604705810547]
Values: [23.100000381469727, -3.379018545150757, -2.0424957275390625]
Values: [23.09999656677246, -3.142341136932373, -2.0396013259887695]
Values: [23.09999656677246, -2.90631103515625, -2.0369210243225098]
Values: [23.09999656677246, -2.670875072479248, -2.034451961517334]
Values: [23.09999656677246, -2.4359984397888184, -2.0321946144104004]
Values: [23.100000381469727, -2.201606512069702, -2.0301461219787598]
Values: [23.09999656677246, -1.9676623344421387, -2.028306484222412]
Values: [23.100000381469727, -1.7341185808181763, -2.0266757011413574]
Values: [23.09999656677246, -1.5009276866912842, -2.025249481201172]
Values: [23.09999656677246, -1.2680517435073853, -2.024031162261963]
Values: [23.09999656677246, -1.0354211330413818, -2.0230178833007812]
Values: [23.09999656677246, -0.8030004501342773, -2.0222091674804688]
Values: [23.09999656677246, -0.5707409381866455, -2.0216050148010254]
Values: [23.09999656677246, -0.3385974168777466, -2.021205425262451]
Values: [23.09999656677246, -0.10652221739292145, -2.021009922027588]
Values: [23.09999656677246, 0.12552489340305328, -2.0210180282592773]
Values: [23.09999656677246, 0.3576013147830963, -2.021230697631836]
Values: [23.09999656677246, 0.5897509455680847, -2.0216469764709473]
Values: [23.100000381469727, 0.8220190405845642, -2.0222673416137695]
Values: [23.100000381469727, 1.0544531345367432, -2.023092269897461]
Values: [23.09999656677246, 1.2871019840240479, -2.024123191833496]
Values: [23.09999656677246, 1.5200097560882568, -2.025358200073242]
Values: [23.100000381469727, 1.7532262802124023, -2.026801109313965]
Values: [23.09999656677246, 1.9867992401123047, -2.028449535369873]
Values: [23.09999656677246, 2.220776319503784, -2.030306339263916]
Values: [23.09999656677246, 2.455204963684082, -2.0323715209960938]
Values: [23.09999656677246, 2.690134286880493, -2.034646987915039]
Values: [23.09999656677246, 2.9256138801574707, -2.0371322631835938]
Values: [23.09999656677246, 3.161694288253784, -2.0398306846618652]
Values: [23.27597999572754, 3.4243152141571045, -2.0583043098449707]
Values: [34.47412109375, 13.255144119262695, -3.231358051300049]
Values: [33.53915023803711, 13.283891677856445, -3.1560702323913574]
Values: [32.89505386352539, 13.412604331970215, -3.1079821586608887]
Values: [32.381473541259766, 13.584135055541992, -3.0721960067749023]
Values: [31.94888687133789, 13.781691551208496, -3.044135570526123]
Values: [31.57402229309082, 13.99783706665039, -3.021665096282959]
Values: [31.2437744140625, 14.22866153717041, -3.0035862922668457]
Values: [30.9499454498291, 14.47197437286377, -2.989165782928467]
Values: [30.68709373474121, 14.726515769958496, -2.977916717529297]
Values: [30.451473236083984, 14.99162769317627, -2.9695167541503906]
Values: [30.240489959716797, 15.26705265045166, -2.963749408721924]
Values: [30.052387237548828, 15.552848815917969, -2.9604763984680176]
Values: [29.88602638244629, 15.849382400512695, -2.9596238136291504]
Values: [29.740861892700195, 16.157245635986328, -2.961172580718994]
Values: [29.616857528686523, 16.477325439453125, -2.9651565551757812]
Values: [29.5145206451416, 16.81084632873535, -2.9716691970825195]
